1 0 1 1
X 0 0 1
2 0 2 1
1&0-2 0 10 3
1&0-3 0 31 3
1&2-3 0 15 3
1&2-4 0 61 3
1&3-5 0 18 3
1&3+ 0 13 2
1&4+ 0 14 3
1&5+ 0 51 3
1&1+pol 0 +1 3
1&2+pol 0 12 2
1&2-3pol 0 1- 3
1&T1_2+ 0 1+ 3
1&1+I&1+II 0 6+ 3
2&0-2 0 20 3
2&0-3 0 32 3
2&2-3 0 25 3
2&2-4 0 62 3
2&3-5 0 28 3
2&3+ 0 23 2
2&4+ 0 24 3
2&5+ 0 52 3
2&1+pol 0 +2 3
2&2+pol 0 22 3
2&2-3pol 0 2- 3
2&T2_2+ 0 2+ 3
2&1+I&1+II 0 8+ 3
X&0-2 0 00 2
X&2+ 0 02 3
X&4+ 0 04 3
2+ 1 2 1
3+ 1 3 1
4+ 1 4 1
5+ 1 5 1
6+ 1 6 1
7+ 1 7 1
0-1 1 01 1
0-2 1 02 1
0-3 1 03 1
0-4 1 04 1
1-2g 1 -2 1
1-3 1 -3 1
1-4 1 -4 1
1-5 1 -5 1
1-6 1 -6 1
2-3 1 23 1
2-4 1 24 1
2-5 1 25 1
2-6 1 26 1
3-4 1 34 1
3-5 1 35 1
3-6 1 36 1
4-5 1 45 1
4-6 1 46 1
1-1 2 11 1
1-X 2 10 1
1-2 2 12 1
X-1 2 01 1
X-X 2 00 1
X-2 2 02 1
2-1 2 21 1
2-X 2 20 1
2-2 2 22 1
1-1&3+ 2 13 3
1-1&2+ 2 +1 3
1-1&2+p 2 1+ 3
2-2&3+ 2 23 3
2-2&2+ 2 +2 3
2-2&2+p 2 2+ 3
X-1&3+ 2 33 3
X-2&3+ 2 43 3
1pol 3 1 2
Xpol 3 0 2
2pol 3 2 2
1vtor 3 21 3
Xvtor 3 20 3
2vtor 3 22 3
1BKoga 3 31 2
2BKoga 3 32 2
XBKoga 3 30 2
1X 4 10 1
X2 4 02 1
12 4 12 1
1X&2+ 4 2+ 3
1X&3+ 4 3+ 3
1X&0-2 4 2- 3
1X&2-4 4 4- 3
1X&2-5 4 4/ 3
X2&2+ 4 +2 3
X2&3+ 4 +3 3
X2&0-2 4 -2 3
X2&2-4 4 -4 3
X2&2-5 4 /4 3
GG . 21 1
GG&3+ . 23 2
GG&4+ . 24 2
GG&3+pol . 3+ 3
GG&3+vtor . +3 3
